6806617137176
6874354363673
3682594756563
3696690336647
5077971885388
4726796989432
7514327561313
4589642794782
9731690851258
2615838458817
5853116741525
3419716656078
1849922668791
4165715638614
8268817039887
9585874684701
7722791042715
7989497421163
4620137953912
7327101826009
1279441286266
4930805173683
7754903541764
2063270917210
7484647632113
7390223758049
8586974488784
1173379158078
1923254973373
9386158481364
8037348499693
5882781340586
5134100772530
5225778934426
5068374164289
8277364286017
7623558476498
7666473017221
9020210376680
5033135057197
3005274223862
4190411287809
1063478921797
1460348977994
9080789898761
3991349117389
8195925142058
1024232163666
1872159770334
3234734171219
6274590131927
3593565157046
7737599982848
4675507792518
2903559028872
7961187719908
2472523660069
1259701594545
7661409159527
9290814375384
2242400182053
9829901593496
3648308548156
1391655126803
5900254110571
1420648851550
3885555818469
2993734973810
8268232447803
4410983058117
5554115845410
2736882048487
6476258841169
2214980879934
2401235628507
2827383085543
3937778982333
7943434490015
8001812278758
3473602665218
4824274927896
8125532050693
1399650861454
6834297071996
1682223447235
1904129937593
4496451817517
1811104188187
7270444987461
8223702436416
1107196740068
7642466354437
9240127230928
9919914992382
3786953561368
8279430374867
7726481790551
5291272030139
6423823380146
7117435017891
1942789710887
8143179727386
3345601881397
3251764236028
8180585713692
4117310964905
4157946658135
2645198075150
4413849236465
2412344423500
2977957261840
4227581295739
5183570084176
6293968069412
2463805363394
6842146184654
9810387877441
5291261692234
9774612745669
3600565587608
3443677942748
9864573666652
1104150994837
8560649834344
9041840294014
8475432685086
2409852480302
3598656368316
6711267050778
3844153347265
4879680187282
4967762122749
4865984745532
4667730542287
8131886053253
2494294267687
4151996986327
3349153138558
6972891133192
6413168887928
3397998039061
8494371026907
7600586660127
4698845746231
7942682178104
1254733141586
7104817380752
1496680278089
1003633758343
9920373754471
2455213489879
8551610647545
5520234851871
8495794697134
4836755855522
7756333586532
5841314470135
2868560825334
7713897226840
7126919023226
5610490148828
7497977776780
6644833291857
6941587533202
6199881585138
8292399462782
1259720241856
3289656597018
6024716732380
6623458594989
9270930454849
3181277457477
6849358496834
8256787732674
4735362795683
4591580079402
3807108671684
5795278984506
8404236177028
4116724073376
2261173040913
4962706786737
7490707320076
7293605576881
9929387913355
8138791472396
9004189714396
2246366763475
5237674699197
7642193127417
2173675378417
5738925724484
4984755192681
8805658253382
7946890533984
9347296872055
8365991471578
8808856036467
1378821033074
6629444280673
1919365064473
7387162619551
3432365950362
3717565998909
2860707736372
6995930291036
3203137834279
5449758815548
8213539195125
2222793273409
5060414643586
7966405879160
5058857127507
1551842778656
1783935188851
1668583552153
7491420374399
2060813097461
5686311889372
3227920826289
5391497280405
2366239787281
9629539167891
2892476839198
4035836930161
2428699144063
1998815253273
2117468425167
5976103216108
1036639329810
2587602684160
6347886312951
9501463414161
4294444680236
7798432726463
8414164112437
6423230980208
8925275177766
5813461131569
7668383035533
6239396124488
9607409913361
4504469890289
8517934496999
5678685748722
1021909649688
8682646491896
5965100295758
2814215762983
9206379320609
4154197027387
7197511378497
6251816554212
3105843435037
4203184114533
3251362667024
8701356785562
9758884217195
3606510052167
8446610032574
6439559353982
4300360511496
6063285326965
4658525857286
9675543734788
6491821283794
6226808694921
6750759144244
4878168191009
6043267452220
2688495775954
3278526263292
2021357144518
6460943816761
3998226236309
5417911876079
8852805398035
8664444414152
9100949991787
2609713490543
7016256240394
5854651269468
7753963454747
5827652182401
2903111676385
8768794952816
1698540748460
5764298386885
3275408963360
1715614954312
7991874772001
3397571630419
1928762341390
3468101260679
8610611771951
6803858111720
6075778593274
4387537731234
8531209780353
1725133811077
3362505069532
7725756076159
2834882777408
7469217962845
3053895049200
6972497427660
6684701543993
3505325523595
9665799493308
3335682944143
5566713499570
5496327928201
2021767037179
1747316180845
8770136569374
8369317245927
7087848863283
1984212347672
7508279874430
2410113456037
8799113875644
2582114574864
7877320421131
4681822868978
2239723512222
7884865735071
6823461295199
4599801060777
3272817572146
4481769385813
8543323317810
3099302675684
7522666611966
4470988248058
6445686073520
5856915150552
9774254191582
9819177115242
5404914393300
6188997940370
2600963870855
3920582041439
9616990949883
7953671134790
8599711820036
4592977573851
4393393536711
4990123560102
9272279082274
2004284777791
5889503057875
2479163318658
2736763867631
3768277261024
2054637093147
9088390439314
2737484350684
7539791018887
3060781579393
3271497884767
3867548376001
3255490527034
6410284741356
5866138749890
3873736939966
5733710230116
1721469261701
9317622240499
5592141465126
2294115826316
3061147051154
1282971066233
7780605460812
1611875897814
4867840683010
1485322325595
7060353387446
8705722355455
6149278581707
4212820134101
3245301313769
6386594039202
4086183191056
8615111862670
5230306646851
5528299561244
4121939645681
7485535043742
6593427520975
2450748778952
4602931161041
8336222586153
3088149437827
8817671497317
1452135137094
4893629650333
1728386429213
2565819314954
4113267898768
9662773586852
5644335123642
8452898444332
2255613581683
5969263671366
1159669531756
3396950681052
4553477446051
3296790547635
8332102226461
9727972329983
7534507465026
1500164895902
7092880634645
4417213343584
8992784087651
6511406250601
5938743014273
5163946867898
5041223256148
2828116862821
7523812969867
2222341945026
1225251412155
7741386127509
6208905829118
2414103818093
2905611967922
3073682455143
7012831770558
9457919955149
1634523321803
6958922077975
4620415141717
9162717233199
4132875134515
7202523897702
4236803425981
4532944645774
3500251491862
7049922673608
8590915989529
6017534110191
7849938655468
9745966573507
1104767258092
7437229113359
6943262962272
4021181370946
8544174125315
2021685018087
8120305998619
9153848514723
4915969173664
9730497314159
1043679173498
7550268594200
6302407929483
1540880117160
7506146475677
8043684010077
8585672432815
3985886642340
6783525676271
6027821886180
2637587497104
6839488329296
8153580383807
5644883641398
4491536663351
5973425156018
5939179356295
2781802720328
1781756468413
5764924842527
8988829890341
6631172541195
1736222054103
5153480115958
6147110591214
2385467170409
5406719847106
7749834363855
7897143543316
7069601210194
4033116124699
8144474532775
9637957635890
6298828346637
4732121233280
6212935250049
2674533293171
3545815713659
9628821529034
1185102378136
1299406124076
1954309724361
5293530225247
6737320533353
2530150695866
8031859218779