20151001
20151002
20151003
20151004
20151005
20151006
20151007
20151008
20151009
20151010
20151011
20151012
20151013
20151014
20151015
20151016
20151017
20151018
20151019
20151020
20151021
20151022
20151023
20151024
20151025
20151026
20151027
20151028
20151029
20151030
20151031
20151101
20151102
20151103
20151104
20151105
20151106
20151107
20151108
20151109
20151110
20151111
20151112
20151113
20151114
20151115
20151116
20151117
20151118
20151119
20151120
20151121
20151122
20151123
20151124
20151125
20151126
20151127
20151128
20151129
20151130
20151131
