53233074	6806617137176
56050353	6874354363673
82041481	3682594756563
35178188	3696690336647
83157798	5077971885388
26982271	4726796989432
58019684	7514327561313
44691224	4589642794782
50519509	9731690851258
11689687	2615838458817
63019320	5853116741525
45661530	3419716656078
50177882	1849922668791
30257344	4165715638614
13958268	8268817039887
41093232	9585874684701
86136002	7722791042715
41932274	7989497421163
87334517	4620137953912
95895632	7327101826009
85994832	1279441286266
41155981	4930805173683
73946747	7754903541764
73826686	2063270917210
62420661	7484647632113
67379433	7390223758049
34854734	8586974488784
66714009	1173379158078
91570206	1923254973373
25209637	9386158481364
34208427	8037348499693
56519235	5882781340586
36940071	5134100772530
94367763	5225778934426
23902939	5068374164289
92758921	8277364286017
61074295	7623558476498
77689270	7666473017221
33631889	9020210376680
31948322	5033135057197
48831348	3005274223862
62339871	4190411287809
97795512	1063478921797
42987753	1460348977994
32644858	9080789898761
40777878	3991349117389
15716133	8195925142058
79720719	1024232163666
57280090	1872159770334
57136984	3234734171219
78259105	6274590131927
26679047	3593565157046
54336543	7737599982848
73712789	4675507792518
35573111	2903559028872
26630740	7961187719908
95099390	2472523660069
67227671	1259701594545
97452733	7661409159527
50924442	9290814375384
37381399	2242400182053
73948757	9829901593496
42085946	3648308548156
95030245	1391655126803
93778195	5900254110571
75820667	1420648851550
96546312	3885555818469
95172185	2993734973810
64643728	8268232447803
43690069	4410983058117
90617342	5554115845410
72043807	2736882048487
39022761	6476258841169
32344743	2214980879934
51400645	2401235628507
89882717	2827383085543
42034227	3937778982333
16331566	7943434490015
73530986	8001812278758
78881503	3473602665218
71686287	4824274927896
36553968	8125532050693
25428912	1399650861454
18752264	6834297071996
59929583	1682223447235
97287370	1904129937593
52702926	4496451817517
22155244	1811104188187
66531523	7270444987461
78508918	8223702436416
64340130	1107196740068
83542504	7642466354437
16630674	9240127230928
87918568	9919914992382
11946328	3786953561368
84046090	8279430374867
52272358	7726481790551
62886174	5291272030139
36834359	6423823380146
53279137	7117435017891
14213493	1942789710887
20110027	8143179727386
42585877	3345601881397
44859962	3251764236028
60350489	8180585713692
22221373	4117310964905
58757023	4157946658135
85675898	2645198075150
80556949	4413849236465
66267073	2412344423500
57454476	2977957261840
72340469	4227581295739
42338097	5183570084176
68232270	6293968069412
73462908	2463805363394
81060316	6842146184654
67080662	9810387877441
75802568	5291261692234
56736130	9774612745669
10446211	3600565587608
26317378	3443677942748
87402545	9864573666652
92875468	1104150994837
43141234	8560649834344
45801068	9041840294014
96438033	8475432685086
93626603	2409852480302
32152305	3598656368316
37205171	6711267050778
24132175	3844153347265
84254533	4879680187282
17069627	4967762122749
54307320	4865984745532
96109463	4667730542287
36707447	8131886053253
66247741	2494294267687
88426375	4151996986327
60521604	3349153138558
28558383	6972891133192
91381637	6413168887928
72769332	3397998039061
78276223	8494371026907
95300363	7600586660127
25682276	4698845746231
82380054	7942682178104
71316152	1254733141586
36730101	7104817380752
77250249	1496680278089
70004057	1003633758343
61860069	9920373754471
79762983	2455213489879
47668261	8551610647545
43621542	5520234851871
94892621	8495794697134
47990277	4836755855522
99424403	7756333586532
97495310	5841314470135
63718182	2868560825334
14274495	7713897226840
24581666	7126919023226
68006944	5610490148828
89405308	7497977776780
64092399	6644833291857
49851385	6941587533202
89997397	6199881585138
54664288	8292399462782
64937448	1259720241856
27647664	3289656597018
90668883	6024716732380
30460206	6623458594989
60892738	9270930454849
32248733	3181277457477
55571392	6849358496834
27457525	8256787732674
10164680	4735362795683
98713017	4591580079402
28214969	3807108671684
93188862	5795278984506
25677439	8404236177028
75875914	4116724073376
73460603	2261173040913
90277649	4962706786737
64015585	7490707320076
61858889	7293605576881
69531589	9929387913355
61398748	8138791472396
75448361	9004189714396
87968018	2246366763475
50935794	5237674699197
73805763	7642193127417
32846567	2173675378417
93651016	5738925724484
81773393	4984755192681
33616618	8805658253382
89946674	7946890533984
15950111	9347296872055
49893499	8365991471578
30835610	8808856036467
66253961	1378821033074
85313862	6629444280673
22493961	1919365064473
76713482	7387162619551
17804073	3432365950362
47125815	3717565998909
69814261	2860707736372
27344100	6995930291036
75801412	3203137834279
98981688	5449758815548
77550605	8213539195125
95395209	2222793273409
17636066	5060414643586
27410994	7966405879160
84746700	5058857127507
18166970	1551842778656
76050301	1783935188851
47572654	1668583552153
36426527	7491420374399
73100623	2060813097461
75790679	5686311889372
15057095	3227920826289
36456605	5391497280405
11640445	2366239787281
77808849	9629539167891
32772007	2892476839198
24451398	4035836930161
46120999	2428699144063
58446113	1998815253273
48749475	2117468425167
42749077	5976103216108
71456008	1036639329810
94111048	2587602684160
87874042	6347886312951
88129842	9501463414161
97034355	4294444680236
27060962	7798432726463
30274337	8414164112437
84922824	6423230980208
17641464	8925275177766
40250018	5813461131569
62242146	7668383035533
11991593	6239396124488
19593085	9607409913361
75613816	4504469890289
72822219	8517934496999
33702128	5678685748722
84832279	1021909649688
89037339	8682646491896
25543926	5965100295758
58032274	2814215762983
18258304	9206379320609
46282948	4154197027387
81569655	7197511378497
93246833	6251816554212
49051681	3105843435037
74127229	4203184114533
93159441	3251362667024
72062157	8701356785562
66782142	9758884217195
89992756	3606510052167
36811730	8446610032574
28723671	6439559353982
23877201	4300360511496
15983088	6063285326965
70273920	4658525857286
93678430	9675543734788
79192390	6491821283794
30406355	6226808694921
65015189	6750759144244
61918471	4878168191009
26911944	6043267452220
76479873	2688495775954
46347170	3278526263292
42692999	2021357144518
62522115	6460943816761
20021569	3998226236309
57516679	5417911876079
26376360	8852805398035
33149175	8664444414152
71775890	9100949991787
58639957	2609713490543
26920868	7016256240394
85359299	5854651269468
50835219	7753963454747
69601117	5827652182401
19962545	2903111676385
52885614	8768794952816
85310745	1698540748460
28578817	5764298386885
80863919	3275408963360
68480896	1715614954312
34491767	7991874772001
68589323	3397571630419
26971877	1928762341390
40871619	3468101260679
44874506	8610611771951
17273793	6803858111720
79258717	6075778593274
58061748	4387537731234
65159004	8531209780353
91700991	1725133811077
14091505	3362505069532
29888916	7725756076159
55660022	2834882777408
32397460	7469217962845
71635314	3053895049200
20653019	6972497427660
86399204	6684701543993
97715249	3505325523595
80339748	9665799493308
11912096	3335682944143
32358349	5566713499570
11202566	5496327928201
47823913	2021767037179
49354717	1747316180845
50594996	8770136569374
31028912	8369317245927
75735618	7087848863283
58451738	1984212347672
12558865	7508279874430
33091507	2410113456037
73173421	8799113875644
32458686	2582114574864
77361146	7877320421131
50976518	4681822868978
32350909	2239723512222
19239462	7884865735071
89980487	6823461295199
85006224	4599801060777
38292071	3272817572146
99431746	4481769385813
42015406	8543323317810
55773642	3099302675684
57329868	7522666611966
44613027	4470988248058
62078606	6445686073520
58809223	5856915150552
91382489	9774254191582
99705812	9819177115242
88467684	5404914393300
17200900	6188997940370
71829302	2600963870855
28701309	3920582041439
28959480	9616990949883
77573349	7953671134790
76034104	8599711820036
23696009	4592977573851
50880438	4393393536711
96490071	4990123560102
33053256	9272279082274
11042758	2004284777791
98242462	5889503057875
53228171	2479163318658
79676077	2736763867631
73744071	3768277261024
26187497	2054637093147
99902162	9088390439314
22790881	2737484350684
25798730	7539791018887
97120302	3060781579393
65066303	3271497884767
25791042	3867548376001
16734436	3255490527034
33752853	6410284741356
92558844	5866138749890
81086178	3873736939966
37557218	5733710230116
83970072	1721469261701
78556413	9317622240499
20446921	5592141465126
28752088	2294115826316
57976167	3061147051154
62075527	1282971066233
98804826	7780605460812
88254306	1611875897814
15837978	4867840683010
91927505	1485322325595
44905778	7060353387446
66748630	8705722355455
56193583	6149278581707
47426625	4212820134101
19278476	3245301313769
26642521	6386594039202
92134776	4086183191056
83656182	8615111862670
19664582	5230306646851
97210109	5528299561244
55992011	4121939645681
77923527	7485535043742
68950777	6593427520975
51883319	2450748778952
40669342	4602931161041
38935796	8336222586153
17005876	3088149437827
95662394	8817671497317
18531636	1452135137094
48186713	4893629650333
66082496	1728386429213
58809402	2565819314954
92014852	4113267898768
78620972	9662773586852
51585753	5644335123642
33071324	8452898444332
35898596	2255613581683
42488561	5969263671366
30454517	1159669531756
34762540	3396950681052
69734665	4553477446051
94383700	3296790547635
47453770	8332102226461
54048475	9727972329983
85931929	7534507465026
37953491	1500164895902
12173506	7092880634645
92211989	4417213343584
53656470	8992784087651
99910260	6511406250601
44135434	5938743014273
81578827	5163946867898
11739335	5041223256148
50597293	2828116862821
22071234	7523812969867
53100579	2222341945026
91544017	1225251412155
14434619	7741386127509
10131099	6208905829118
36929450	2414103818093
57965337	2905611967922
67669755	3073682455143
36007943	7012831770558
92714697	9457919955149
93169623	1634523321803
98113530	6958922077975
82312297	4620415141717
88367795	9162717233199
74833687	4132875134515
63532832	7202523897702
69846950	4236803425981
40474542	4532944645774
76794084	3500251491862
53164759	7049922673608
31732817	8590915989529
20087713	6017534110191
33621668	7849938655468
35035186	9745966573507
15809257	1104767258092
85873022	7437229113359
49905943	6943262962272
79332611	4021181370946
62142151	8544174125315
63718515	2021685018087
82163528	8120305998619
40961564	9153848514723
21754012	4915969173664
63500605	9730497314159
22194412	1043679173498
29688810	7550268594200
94056170	6302407929483
76967853	1540880117160
83794927	7506146475677
17059053	8043684010077
41368646	8585672432815
88658627	3985886642340
37639205	6783525676271
53208689	6027821886180
84064190	2637587497104
40759425	6839488329296
71867011	8153580383807
39985608	5644883641398
80295128	4491536663351
28514219	5973425156018
69034474	5939179356295
43790225	2781802720328
24427660	1781756468413
96052110	5764924842527
97899043	8988829890341
39725930	6631172541195
46863004	1736222054103
69754856	5153480115958
99053886	6147110591214
35911375	2385467170409
38235210	5406719847106
26912918	7749834363855
34882419	7897143543316
22021774	7069601210194
75722833	4033116124699
85544230	8144474532775
36838538	9637957635890
36695316	6298828346637
42178128	4732121233280
72796275	6212935250049
80460915	2674533293171
80409362	3545815713659
80671160	9628821529034
53959457	1185102378136
86752054	1299406124076
27579646	1954309724361
66813436	5293530225247
38764584	6737320533353
68758269	2530150695866
27475200	8031859218779
98260988	8031859218779
70190183	8031859218779
95872890	8031859218779
11624058	8031859218779
43144889	8031859218779
14088029	8031859218779
22615151	8031859218779
17801681	8031859218779
13867430	8031859218779
74947697	8031859218779
95705265	8031859218779
60571914	8031859218779
59440903	8031859218779
75129410	8031859218779
58286421	8031859218779
90720121	8031859218779
80266444	8031859218779
96499712	8031859218779
19545013	8031859218779
26898505	8031859218779
80175041	8031859218779
18997569	8031859218779
76835354	8031859218779
12570188	8031859218779
48636200	8031859218779
38798894	8031859218779
58665512	8031859218779
69559163	8031859218779
24470973	8031859218779
43949178	8031859218779
58410541	8031859218779
98927184	8031859218779
93020717	8031859218779
69473119	8031859218779
30722091	8031859218779
88851909	8031859218779
37653071	8031859218779
21234165	8031859218779
79078157	8031859218779
21097458	8031859218779
71159232	8031859218779
32641761	8031859218779
85903464	8031859218779
60376630	8031859218779
18017664	8031859218779
73375372	8031859218779
15412981	8031859218779
51125281	8031859218779
60541222	8031859218779
78419756	8031859218779
26286812	8031859218779
94094310	8031859218779
77332848	8031859218779
86898934	8031859218779
83669283	8031859218779
83313252	8031859218779
36907506	8031859218779
69064561	8031859218779
42943552	8031859218779
41999661	8031859218779
48399775	8031859218779
99643354	8031859218779
96584416	8031859218779
93661311	8031859218779
22685231	8031859218779
32994274	8031859218779
93033141	8031859218779
32298707	8031859218779
79738581	8031859218779
45319746	8031859218779
44984991	8031859218779
84875384	8031859218779
42295719	8031859218779
87558353	8031859218779
13030322	8031859218779
49495305	8031859218779
79362548	8031859218779
61980484	8031859218779
95450975	8031859218779
51119171	8031859218779
88314320	8031859218779
23250598	8031859218779
41511688	8031859218779
42632274	8031859218779
75959523	8031859218779
86082063	8031859218779
56965500	8031859218779
95391721	8031859218779
74237833	8031859218779
61094867	8031859218779
50367805	8031859218779
67241254	8031859218779
35725172	8031859218779
21366274	8031859218779
19952197	8031859218779
64729156	8031859218779
56061452	8031859218779
16147375	8031859218779
85495830	8031859218779
96016353	8031859218779
68906927	8031859218779
20592182	8031859218779
69327022	8031859218779
82613178	8031859218779
71704792	8031859218779
10962468	8031859218779
49985711	8031859218779
26793673	8031859218779
89001962	8031859218779
64412948	8031859218779
87947267	8031859218779
28855776	8031859218779
41743705	8031859218779
74546539	8031859218779
91635691	8031859218779
87722521	8031859218779
62248919	8031859218779
75728517	8031859218779
11028172	8031859218779
52417287	8031859218779
29393584	8031859218779
19674724	8031859218779
83502812	8031859218779
55868143	8031859218779
41479747	8031859218779
42986929	8031859218779
14403622	8031859218779
82545877	8031859218779
96054446	8031859218779
91697412	8031859218779
88756970	8031859218779
61265483	8031859218779
30495409	8031859218779
28300131	8031859218779
45455732	8031859218779
92407049	8031859218779
64682705	8031859218779
35505919	8031859218779
60771705	8031859218779
62319457	8031859218779
47055146	8031859218779
94044626	8031859218779
53144427	8031859218779
10317226	8031859218779
33578874	8031859218779
75925931	8031859218779
42975403	8031859218779
28694621	8031859218779
36753702	8031859218779
61049080	8031859218779
54723646	8031859218779
22804349	8031859218779
26387153	8031859218779
11800757	8031859218779
54010103	8031859218779
39303464	8031859218779
63430987	8031859218779
43272490	8031859218779
70304515	8031859218779
36785823	8031859218779
92909589	8031859218779
94939859	8031859218779
48949906	8031859218779
48910318	8031859218779
86784054	8031859218779
81860587	8031859218779
82447480	8031859218779
39064294	8031859218779
62380719	8031859218779
58331371	8031859218779
47775677	8031859218779
27798543	8031859218779
19964605	8031859218779
64998646	8031859218779
60467036	8031859218779
73675963	8031859218779
23924487	8031859218779
63403826	8031859218779
81028563	8031859218779
47921392	8031859218779
12447189	8031859218779
89029163	8031859218779
35592364	8031859218779
33975967	8031859218779
54470056	8031859218779
16968020	8031859218779
89937710	8031859218779
13180382	8031859218779
98092644	8031859218779
59508717	8031859218779
21280242	8031859218779
53466444	8031859218779
70520850	8031859218779
99388324	8031859218779
53746621	8031859218779
95656738	8031859218779
19529036	8031859218779
46901824	8031859218779
15775251	8031859218779
40460755	8031859218779
97655425	8031859218779
72612908	8031859218779
64049293	8031859218779
62402230	8031859218779
98492275	8031859218779
94831711	8031859218779
91986144	8031859218779
38673896	8031859218779
38012584	8031859218779
99476617	8031859218779
88658815	8031859218779
59438089	8031859218779
43382500	8031859218779
53508912	8031859218779
67396409	8031859218779
83035591	8031859218779
84066368	8031859218779
60316319	8031859218779
44155751	8031859218779
69300403	8031859218779
12588719	8031859218779
59598508	8031859218779
21949350	8031859218779
14621937	8031859218779
89474867	8031859218779
93386422	8031859218779
18540145	8031859218779
20617123	8031859218779
25004107	8031859218779
66466483	8031859218779
36827417	8031859218779
52060000	8031859218779
57205606	8031859218779
38893890	8031859218779
55379974	8031859218779
96038494	8031859218779
71349279	8031859218779
22146977	8031859218779
16070687	8031859218779
46915255	8031859218779
20500845	8031859218779
27658807	8031859218779
51296359	8031859218779
39431368	8031859218779
56185757	8031859218779
16362758	8031859218779
79677782	8031859218779
31253243	8031859218779
67803679	8031859218779
90775665	8031859218779
