53233074
56050353
82041481
35178188
83157798
26982271
58019684
44691224
50519509
11689687
63019320
45661530
50177882
30257344
13958268
41093232
86136002
41932274
87334517
95895632
85994832
41155981
73946747
73826686
62420661
67379433
34854734
66714009
91570206
25209637
34208427
56519235
36940071
94367763
23902939
92758921
61074295
77689270
33631889
31948322
48831348
62339871
97795512
42987753
32644858
40777878
15716133
79720719
57280090
57136984
78259105
26679047
54336543
73712789
35573111
26630740
95099390
67227671
97452733
50924442
37381399
73948757
42085946
95030245
93778195
75820667
96546312
95172185
64643728
43690069
90617342
72043807
39022761
32344743
51400645
89882717
42034227
16331566
73530986
78881503
71686287
36553968
25428912
18752264
59929583
97287370
52702926
22155244
66531523
78508918
64340130
83542504
16630674
87918568
11946328
84046090
52272358
62886174
36834359
53279137
14213493
20110027
42585877
44859962
60350489
22221373
58757023
85675898
80556949
66267073
57454476
72340469
42338097
68232270
73462908
81060316
67080662
75802568
56736130
10446211
26317378
87402545
92875468
43141234
45801068
96438033
93626603
32152305
37205171
24132175
84254533
17069627
54307320
96109463
36707447
66247741
88426375
60521604
28558383
91381637
72769332
78276223
95300363
25682276
82380054
71316152
36730101
77250249
70004057
61860069
79762983
47668261
43621542
94892621
47990277
99424403
97495310
63718182
14274495
24581666
68006944
89405308
64092399
49851385
89997397
54664288
64937448
27647664
90668883
30460206
60892738
32248733
55571392
27457525
10164680
98713017
28214969
93188862
25677439
75875914
73460603
90277649
64015585
61858889
69531589
61398748
75448361
87968018
50935794
73805763
32846567
93651016
81773393
33616618
89946674
15950111
49893499
30835610
66253961
85313862
22493961
76713482
17804073
47125815
69814261
27344100
75801412
98981688
77550605
95395209
17636066
27410994
84746700
18166970
76050301
47572654
36426527
73100623
75790679
15057095
36456605
11640445
77808849
32772007
24451398
46120999
58446113
48749475
42749077
71456008
94111048
87874042
88129842
97034355
27060962
30274337
84922824
17641464
40250018
62242146
11991593
19593085
75613816
72822219
33702128
84832279
89037339
25543926
58032274
18258304
46282948
81569655
93246833
49051681
74127229
93159441
72062157
66782142
89992756
36811730
28723671
23877201
15983088
70273920
93678430
79192390
30406355
65015189
61918471
26911944
76479873
46347170
42692999
62522115
20021569
57516679
26376360
33149175
71775890
58639957
26920868
85359299
50835219
69601117
19962545
52885614
85310745
28578817
80863919
68480896
34491767
68589323
26971877
40871619
44874506
17273793
79258717
58061748
65159004
91700991
14091505
29888916
55660022
32397460
71635314
20653019
86399204
97715249
80339748
11912096
32358349
11202566
47823913
49354717
50594996
31028912
75735618
58451738
12558865
33091507
73173421
32458686
77361146
50976518
32350909
19239462
89980487
85006224
38292071
99431746
42015406
55773642
57329868
44613027
62078606
58809223
91382489
99705812
88467684
17200900
71829302
28701309
28959480
77573349
76034104
23696009
50880438
96490071
33053256
11042758
98242462
53228171
79676077
73744071
26187497
99902162
22790881
25798730
97120302
65066303
25791042
16734436
33752853
92558844
81086178
37557218
83970072
78556413
20446921
28752088
57976167
62075527
98804826
88254306
15837978
91927505
44905778
66748630
56193583
47426625
19278476
26642521
92134776
83656182
19664582
97210109
55992011
77923527
68950777
51883319
40669342
38935796
17005876
95662394
18531636
48186713
66082496
58809402
92014852
78620972
51585753
33071324
35898596
42488561
30454517
34762540
69734665
94383700
47453770
54048475
85931929
37953491
12173506
92211989
53656470
99910260
44135434
81578827
11739335
50597293
22071234
53100579
91544017
14434619
10131099
36929450
57965337
67669755
36007943
92714697
93169623
98113530
82312297
88367795
74833687
63532832
69846950
40474542
76794084
53164759
31732817
20087713
33621668
35035186
15809257
85873022
49905943
79332611
62142151
63718515
82163528
40961564
21754012
63500605
22194412
29688810
94056170
76967853
83794927
17059053
41368646
88658627
37639205
53208689
84064190
40759425
71867011
39985608
80295128
28514219
69034474
43790225
24427660
96052110
97899043
39725930
46863004
69754856
99053886
35911375
38235210
26912918
34882419
22021774
75722833
85544230
36838538
36695316
42178128
72796275
80460915
80409362
80671160
53959457
86752054
27579646
66813436
38764584
68758269
27475200
98260988
70190183
95872890
11624058
43144889
14088029
22615151
17801681
13867430
74947697
95705265
60571914
59440903
75129410
58286421
90720121
80266444
96499712
19545013
26898505
80175041
18997569
76835354
12570188
48636200
38798894
58665512
69559163
24470973
43949178
58410541
98927184
93020717
69473119
30722091
88851909
37653071
21234165
79078157
21097458
71159232
32641761
85903464
60376630
18017664
73375372
15412981
51125281
60541222
78419756
26286812
94094310
77332848
86898934
83669283
83313252
36907506
69064561
42943552
41999661
48399775
99643354
96584416
93661311
22685231
32994274
93033141
32298707
79738581
45319746
44984991
84875384
42295719
87558353
13030322
49495305
79362548
61980484
95450975
51119171
88314320
23250598
41511688
42632274
75959523
86082063
56965500
95391721
74237833
61094867
50367805
67241254
35725172
21366274
19952197
64729156
56061452
16147375
85495830
96016353
68906927
20592182
69327022
82613178
71704792
10962468
49985711
26793673
89001962
64412948
87947267
28855776
41743705
74546539
91635691
87722521
62248919
75728517
11028172
52417287
29393584
19674724
83502812
55868143
41479747
42986929
14403622
82545877
96054446
91697412
88756970
61265483
30495409
28300131
45455732
92407049
64682705
35505919
60771705
62319457
47055146
94044626
53144427
10317226
33578874
75925931
42975403
28694621
36753702
61049080
54723646
22804349
26387153
11800757
54010103
39303464
63430987
43272490
70304515
36785823
92909589
94939859
48949906
48910318
86784054
81860587
82447480
39064294
62380719
58331371
47775677
27798543
19964605
64998646
60467036
73675963
23924487
63403826
81028563
47921392
12447189
89029163
35592364
33975967
54470056
16968020
89937710
13180382
98092644
59508717
21280242
53466444
70520850
99388324
53746621
95656738
19529036
46901824
15775251
40460755
97655425
72612908
64049293
62402230
98492275
94831711
91986144
38673896
38012584
99476617
88658815
59438089
43382500
53508912
67396409
83035591
84066368
60316319
44155751
69300403
12588719
59598508
21949350
14621937
89474867
93386422
18540145
20617123
25004107
66466483
36827417
52060000
57205606
38893890
55379974
96038494
71349279
22146977
16070687
46915255
20500845
27658807
51296359
39431368
56185757
16362758
79677782
31253243
67803679
90775665
